task1:0.000000
task2:0.000000
task3:0.000000
task4:0.000000
task5:0.000025
task6:0.000270
task7:0.000465
task8:0.001394
task9:0.006620
task10:88.241599
