task1:0.000005
task2:0.000000
task3:0.000000
task4:0.000000
task5:0.000434
task6:0.000131
task7:0.000331
task8:0.065172
task9:0.004669
task10:111.461612
