task1:0.003933
task2:0.012947
task3:0.144823
task4:0.110797
