task1:0.000000
task2:0.000001
task3:0.000000
task4:0.000000
task5:4.447229
task6:0.000375
task7:0.000584
task8:0.000824
task9:0.006014
task10:91.841872
