task1:0.000000
task2:0.000001
task3:0.000000
task4:0.000001
task5:0.000025
task6:0.000401
task7:0.000570
task8:0.001333
task9:0.005660
task10:86.126294
