task1:0.000558
task2:0.000061
task3:0.000002
task4:0.000016
task5:0.032914
task6:0.000859
task7:0.001606
task8:0.047339
task9:0.004584
task10:34.121287
