task1:0.000000
task2:0.000001
task3:0.000000
task4:0.032799
task5:181.832490
task6:19.987886
task7:0.646779
task8:28.528474
task9:0.007328
task10:128.046523
