task1:0.000022
task2:0.000051
task3:0.000764
task4:0.000755
task5:0.000582
task6:0.000570
task7:0.016460
task8:1303.256636
task9:0.067254
task10:479.873600
