task1:0.012680
task2:0.714534
task3:0.000000
task4:0.000000
task5:0.590145
task6:0.706106
task7:0.000000
task8:392.807885
task9:0.739206
task10:365.701343
