task1:0.000626
task2:0.002324
task3:0.000089
task4:0.000286
task5:91.641261
task6:19.375610
task7:1.624618
task8:2552.392355
task9:0.009040
task10:9.048032
