task1:0.000288
task2:0.000000
task3:0.000000
task4:0.000005
task5:0.019304
task6:0.000044
task7:0.000049
task8:7.908252
task9:0.017725
task10:191.352290
