task1:1.319439
task2:1.272482
task3:1.172022
task4:3.371010
task5:815.623575
task6:19.995988
task7:10.551831
task8:2340.354305
task9:0.041145
task10:15.466806
