task1:0.000000
task2:0.000003
task3:0.000000
task4:0.000000
task5:0.049473
task6:0.000647
task7:0.001883
task8:0.004133
task9:0.003038
task10:87.413334
