task1:0.002284
task2:0.007373
task3:0.094454
task4:0.069701
