task1:0.000000
task2:0.000008
task3:0.000008
task4:0.000139
task5:0.000003
task6:0.000004
task7:0.001732
task8:0.000703
task9:0.007671
task10:79.332658
