task1:0.000000
task2:0.000000
task3:0.000000
task4:-0.000000
task5:34.858265
task6:0.027329
task7:0.040169
task8:19.740772
task9:0.010839
task10:85.547394
