task1:0.000245
task2:0.000475
task3:0.000000
task4:0.000001
task5:0.021610
task6:0.003618
task7:0.000557
task8:0.034011
task9:0.004529
task10:15.579452
