task1:0.000178
task2:0.002868
task3:0.083966
task4:0.034761
