task1:0.000000
task2:0.000005
task3:0.000001
task4:0.000137
task5:0.000000
task6:0.000002
task7:0.000870
task8:0.000676
task9:0.004019
task10:99.768561
